a0 = 0.2
a1 = 2.31429
a2 = -0.285714
y(6) = 3.8
