Matrix:
5 -2 2 7 
1 0 0 3 
-3 1 5 0 
3 -1 -9 4 

Adjoint matrix:
-12 76 -60 -36 
-56 208 -82 -58 
4 4 -2 -10 
4 4 20 12 

Inverse matrix:
-0.136364 0.863636 -0.681818 -0.409091 
-0.636364 2.36364 -0.931818 -0.659091 
0.0454545 0.0454545 -0.0227273 -0.113636 
0.0454545 0.0454545 0.227273 0.136364 
